5.859120614444501740e+01
6.451159314067093931e+01
6.808125760875536514e+01
6.985964538496473608e+01
7.032281022498638379e+01
6.985753200649459416e+01
6.874362972774491709e+01
6.719037687311778484e+01
6.535820136780799317e+01
6.336172838348678482e+01
6.127578476729379275e+01
5.916630770782299464e+01
5.707352690661880956e+01
5.502596935660735511e+01
5.304302455087733392e+01
5.113687018676063900e+01
4.931614392064626884e+01
4.758491350453425639e+01
4.594468156454673391e+01
4.439495327069817421e+01
4.293380405869355343e+01
4.155861496113902120e+01
4.026640637300304348e+01
3.905335985432918733e+01
3.791579792394939830e+01
3.684982915427497119e+01
3.585144893135750266e+01
3.491708275111040649e+01
3.404327623698436867e+01
3.322608901900948553e+01
3.246288782791754812e+01
3.174960776612937252e+01
3.108382629907144690e+01
3.046262643063559850e+01
2.988352685919706886e+01
2.934395809860822979e+01
2.884187137805992762e+01
2.837502327061910989e+01
2.794143645563991640e+01
2.753965147243774325e+01
2.716784810342087653e+01
2.682425393851052675e+01
2.650776553984608697e+01
2.621693558375358180e+01
2.595060089134652515e+01
2.570771093700167498e+01
2.548782068850389848e+01
2.528979830542799334e+01
2.511287475588128260e+01
2.495614223820248512e+01
