1.223600175625428044e+01
1.246145643037897699e+01
1.264817235921116279e+01
1.280614263182495627e+01
1.294197457927254824e+01
1.306030162628710656e+01
1.316460934450105746e+01
1.325749539999273630e+01
1.334074564988430112e+01
1.341599740733591695e+01
1.348445194972165773e+01
1.354705386978253934e+01
1.360463287003163302e+01
1.365774594774559780e+01
1.370699792972155961e+01
1.375289461984687911e+01
1.379563517692869468e+01
1.383580658197741364e+01
1.387344037362159987e+01
1.390896075334669746e+01
1.394252687457454343e+01
1.397421329349971764e+01
1.400433261719498823e+01
1.403297237285453036e+01
1.406027308790069341e+01
1.408630142222791548e+01
1.411115580621134136e+01
1.413497557920049630e+01
1.415780448134353797e+01
1.417975086227862036e+01
1.420083174036812323e+01
1.422112830974240794e+01
1.424066465341203624e+01
1.425960428841167804e+01
1.427780633203018823e+01
1.429544875374370072e+01
1.431250968177212002e+01
1.432907264639736056e+01
1.434509464309983962e+01
1.436065999149291805e+01
1.437579360260275152e+01
1.439049515517796074e+01
1.440481065032122032e+01
1.441874251784193284e+01
1.443227647629322341e+01
1.444550539776803610e+01
1.445842893842190335e+01
1.447103283267250795e+01
1.448330397390481927e+01
1.449533956833418991e+01
