1.068577569520707016e+01
1.084562819689860014e+01
1.097358515600119411e+01
1.107857678360631049e+01
1.116653874336807029e+01
1.124129759510786997e+01
1.130581388171117041e+01
1.136199813391110602e+01
1.141141062064603240e+01
1.145532300663654546e+01
1.149452132097166945e+01
1.152983642448907098e+01
1.156179615810401984e+01
1.159090033917085272e+01
1.161751421140783513e+01
1.164198251392935113e+01
1.166454699169832843e+01
1.168544744196498897e+01
1.170487579419349800e+01
1.172299501878917383e+01
1.173993467054066464e+01
1.175579459598801790e+01
1.177077437568288865e+01
1.178483500894608227e+01
1.179814967578490226e+01
1.181072187932478101e+01
1.182271118304554314e+01
1.183408146386612003e+01
1.184492731415088862e+01
1.185528450254692068e+01
1.186516001529811248e+01
1.187463548754579001e+01
1.188368693597921499e+01
1.189241123821738633e+01
1.190076253256349759e+01
1.190886157048680438e+01
1.191659808336586401e+01
1.192410212725887320e+01
1.193137845310679523e+01
1.193837019471070704e+01
1.194510439456936446e+01
1.195170020146304068e+01
1.195804580864565025e+01
1.196420433887351464e+01
1.197019613550975237e+01
1.197602968056001771e+01
1.198180172987908598e+01
1.198764272283774623e+01
1.199356749593236238e+01
1.199912206950085825e+01
