2.359684880787749535e+02
2.726513838885255723e+02
2.999022780699484088e+02
3.190687229784793999e+02
3.316343273300561805e+02
3.390015684377811453e+02
3.422973289301983755e+02
3.424462929440866787e+02
3.402326160530195693e+02
3.362702967202883997e+02
3.309952495422507468e+02
3.248266141999338856e+02
3.180521285196380745e+02
3.108985121112156662e+02
3.035431802698292358e+02
2.961175642892233100e+02
2.887343328011995141e+02
2.814683906363354140e+02
2.743795487424486623e+02
2.675091587406200802e+02
2.608850197088073060e+02
2.545294119193371216e+02
2.484506391996825130e+02
2.426577226580800186e+02
2.371508940045311249e+02
2.319296981736117687e+02
2.269883662082980891e+02
2.223206302765777878e+02
2.179212108299406623e+02
2.137794073925534235e+02
2.098885020417155829e+02
2.062363856117981129e+02
2.028157671952056376e+02
1.996154435973736270e+02
1.966276748053676613e+02
1.938434739218296556e+02
1.912532844810115762e+02
1.888493524508358234e+02
1.866249619853559807e+02
1.845725816650808895e+02
1.826840888793465467e+02
1.809529070306846847e+02
1.793737883988920601e+02
1.779399727843141079e+02
1.766463919824608126e+02
1.754876946696803941e+02
1.744642877454866436e+02
1.735686849086370955e+02
1.727978689704037834e+02
1.721485492728457984e+02
