1.032432195637437466e+01
1.047922018359498431e+01
1.060140273332817351e+01
1.070041115375307683e+01
1.078228052164463691e+01
1.085116679129951756e+01
1.091000161404765123e+01
1.096072106747084440e+01
1.100506838893595507e+01
1.104412682395581591e+01
1.107873876377269617e+01
1.110969852593733620e+01
1.113759207270274487e+01
1.116279521474338488e+01
1.118576065034946687e+01
1.120673004943791184e+01
1.122599452280231880e+01
1.124375031562183658e+01
1.126013324190468445e+01
1.127538015249619008e+01
1.128958166915290384e+01
1.130282898922178703e+01
1.131529856763085817e+01
1.132691374956474561e+01
1.133790288459448803e+01
1.134831761682947970e+01
1.135810225441311516e+01
1.136745123134273072e+01
1.137625612971313593e+01
1.138469059968074504e+01
1.139270107821097611e+01
1.140036438618407466e+01
1.140770120660450360e+01
1.141469091058118934e+01
1.142139854680588229e+01
1.142790939183072751e+01
1.143408383826765018e+01
1.144010745606304802e+01
1.144585294746612014e+01
1.145143033302639424e+01
1.145680434662556024e+01
1.146204143085475913e+01
1.146702907673292238e+01
1.147190619672387690e+01
1.147663411266275268e+01
1.148125440146727705e+01
1.148586218320053298e+01
1.149058745552767924e+01
1.149538492537565837e+01
1.149945731276675431e+01
