1.049472230150621677e+01
1.065082751762848901e+01
1.077521128005904316e+01
1.087688336091209429e+01
1.096169272184807575e+01
1.103360114171410444e+01
1.109541298721777913e+01
1.114914953292727695e+01
1.119627060463465185e+01
1.123808736497065475e+01
1.127537159352250384e+01
1.130884133705774630e+01
1.133912502896317420e+01
1.136662857777444913e+01
1.139181008223555125e+01
1.141485748699762404e+01
1.143611597764048327e+01
1.145579744933892030e+01
1.147408852705279436e+01
1.149108145314961149e+01
1.150700094487939040e+01
1.152192407076588587e+01
1.153594409640162688e+01
1.154910969130583709e+01
1.156159457515002131e+01
1.157337629377951238e+01
1.158457316252616920e+01
1.159523147902550200e+01
1.160534396647717692e+01
1.161505388404672168e+01
1.162423319349653639e+01
1.163309783774100303e+01
1.164156905821870858e+01
1.164969089859146045e+01
1.165751573331127133e+01
1.166503823056982192e+01
1.167229742539893245e+01
1.167931816546254353e+01
1.168604269675060436e+01
1.169256779535301938e+01
1.169887662976441511e+01
1.170501362652869304e+01
1.171092182050742991e+01
1.171671341008836897e+01
1.172228916059922454e+01
1.172769464777703163e+01
1.173302625088929574e+01
1.173837975821670554e+01
1.174371839732310363e+01
1.174895292419720150e+01
