8.711806683717504711e+02
1.072463333235009941e+03
1.245493195005450161e+03
1.387383094555057824e+03
1.499259494081669800e+03
1.583585098909528824e+03
1.644311596567951710e+03
1.685834440537822957e+03
1.710732491206397299e+03
1.722859174246005296e+03
1.724796665187182271e+03
1.718777789628807341e+03
1.706728778857142743e+03
1.690019453546026853e+03
1.669910194500048874e+03
1.647714984626766181e+03
1.623743022015253018e+03
1.599116128048049859e+03
1.573914234463830098e+03
1.548817042143108665e+03
1.524071345079406456e+03
1.499781670101222971e+03
1.476239782486389004e+03
1.453557629768668448e+03
1.431822691592711408e+03
1.411084282922748571e+03
1.391392223149982328e+03
1.372795175191749195e+03
1.355278143952773235e+03
1.338844547311118049e+03
1.323481136416766503e+03
1.309173628616517590e+03
1.295905309099932310e+03
1.283650682990989026e+03
1.272373535298157776e+03
1.262099496760489501e+03
1.252774982489310105e+03
1.244364332119335131e+03
1.236837716506192919e+03
1.230160078768880567e+03
1.224297740678919581e+03
1.219225570300354093e+03
1.214917594151954745e+03
1.211464820685181166e+03
1.208787494970904390e+03
1.206817255714096291e+03
1.205534213682195741e+03
1.204913264387058462e+03
1.205038478812777839e+03
1.205943330495663304e+03
