1.139173960637918270e+01
1.157329711741977363e+01
1.172093906732142443e+01
1.184380180489688605e+01
1.194785652666918452e+01
1.203734924991864119e+01
1.211521404377936939e+01
1.218363308942198309e+01
1.224430134665474412e+01
1.229851192567625695e+01
1.234726384300010338e+01
1.239139595097401170e+01
1.243159981045493545e+01
1.246833165949568745e+01
1.250208308874285201e+01
1.253318697991247177e+01
1.256201024213772399e+01
1.258879658281149005e+01
1.261371154405554584e+01
1.263708385461765360e+01
1.265896674138423705e+01
1.267952934688667810e+01
1.269889809790169899e+01
1.271721582534815731e+01
1.273458382204752048e+01
1.275099535992268684e+01
1.276662213722800487e+01
1.278148512744157905e+01
1.279566703074856271e+01
1.280922639494067283e+01
1.282216397254375906e+01
1.283463576437507392e+01
1.284651598759425362e+01
1.285796493793699824e+01
1.286901464095841341e+01
1.287962349216375202e+01
1.288986192968683220e+01
1.289976715589344458e+01
1.290930022358248941e+01
1.291853558862109530e+01
1.292750136042392306e+01
1.293615335030555258e+01
1.294458097943796027e+01
1.295276314076617652e+01
1.296069468394105506e+01
1.296840985054401152e+01
1.297591977981680778e+01
1.298320535755375005e+01
1.299037420855636249e+01
1.299780347187663665e+01
