5.656375561692329939e+02
6.770025139848596609e+02
7.683809676336416032e+02
8.404944619508729602e+02
8.953850644631887690e+02
9.356509112940997284e+02
9.636370129118722616e+02
9.814771124835148157e+02
9.911393997443560693e+02
9.942767692578578362e+02
9.921078882263435617e+02
9.859013437676095464e+02
9.765712136392045295e+02
9.648758160917758460e+02
9.514429431158065427e+02
9.367643372292872073e+02
9.212786160686632684e+02
9.053200831591138922e+02
8.891554993199281398e+02
8.729959170328246501e+02
8.570083598986227571e+02
8.413202617428964913e+02
8.260397872890046074e+02
8.112367783739825882e+02
7.969699834568607457e+02
7.832805482253893388e+02
7.701963845745128765e+02
7.577293144727085519e+02
7.458972799280826393e+02
7.346995344912160135e+02
7.241325771829757514e+02
7.141894192750228285e+02
7.048638577534004526e+02
6.961398222228365285e+02
6.880120264984457208e+02
6.804598652844740627e+02
6.734742753462519431e+02
6.670389236791704661e+02
6.611445083388797457e+02
6.557781696653883046e+02
6.509259592965690899e+02
6.465746028184108809e+02
6.427137229415069442e+02
6.393356655742142038e+02
6.364314640609302387e+02
6.339950234160910441e+02
6.320331828212935079e+02
6.305430598248715341e+02
6.295187392924185588e+02
6.289657938597022167e+02
