1.086835691518573555e+01
1.103281620281852682e+01
1.116497432955653046e+01
1.127396357674231453e+01
1.136550909747155202e+01
1.144363515471989423e+01
1.151110689925224584e+01
1.157011717726351385e+01
1.162217205152643729e+01
1.166845179017732903e+01
1.170992547689248298e+01
1.174728230047455035e+01
1.178118217196219675e+01
1.181208535900135637e+01
1.184042731982450647e+01
1.186640053578297049e+01
1.189048141112536427e+01
1.191276451535922831e+01
1.193346005003931865e+01
1.195281093425953500e+01
1.197089969845234236e+01
1.198791628047148983e+01
1.200390776163013129e+01
1.201898405990580621e+01
1.203323197585976168e+01
1.204674006832377664e+01
1.205956171183424175e+01
1.207179612002562585e+01
1.208341823846736318e+01
1.209447974197658304e+01
1.210511145455889093e+01
1.211526691898010455e+01
1.212502289851444282e+01
1.213435662132392601e+01
1.214338527041268279e+01
1.215200481888109074e+01
1.216036586065754221e+01
1.216845803269129789e+01
1.217618877222690621e+01
1.218373665719716215e+01
1.219104079240712402e+01
1.219808876473361714e+01
1.220494045518340265e+01
1.221155332943669336e+01
1.221804448243415209e+01
1.222427174427418706e+01
1.223041118678903594e+01
1.223640448273131476e+01
1.224246155052698803e+01
1.224862851655945128e+01
