1.198353523345077143e+01
1.219961947033745275e+01
1.237667079985921426e+01
1.252490024768665045e+01
1.265123102753104156e+01
1.276035774094838615e+01
1.285578729663110842e+01
1.294012589175478567e+01
1.301514731416413717e+01
1.308254481173954531e+01
1.314349928889696706e+01
1.319890434731353146e+01
1.324955175831267873e+01
1.329601334410767954e+01
1.333889085299803767e+01
1.337868271259173447e+01
1.341556571882445326e+01
1.345003873830190955e+01
1.348225850713465590e+01
1.351251099059712146e+01
1.354097248283063770e+01
1.356782743639690381e+01
1.359323458713950572e+01
1.361728936472216134e+01
1.364013342362395420e+01
1.366193690960453644e+01
1.368267924847384975e+01
1.370243975647035661e+01
1.372139194473097312e+01
1.373953116052744328e+01
1.375692653762187234e+01
1.377360789813333852e+01
1.378967154245574989e+01
1.380515897465320840e+01
1.382012766529984304e+01
1.383452374611992575e+01
1.384847422421834828e+01
1.386194812436251844e+01
1.387500733625578242e+01
1.388765657476824344e+01
1.389990396653669080e+01
1.391178820339102273e+01
1.392337094469865200e+01
1.393461786682129677e+01
1.394556653889780762e+01
1.395619561040363976e+01
1.396653332466325104e+01
1.397664785077994587e+01
1.398670263631480459e+01
1.399629855399726885e+01
