1.104531569475648034e+01
1.121605344763251288e+01
1.135383756685474133e+01
1.146776245830055707e+01
1.156362305786399958e+01
1.164565084944735851e+01
1.171668236646606331e+01
1.177880596213483244e+01
1.183368295790262259e+01
1.188260941999213927e+01
1.192638911946444580e+01
1.196590542802307944e+01
1.200179818370885343e+01
1.203452784204557169e+01
1.206450669052913227e+01
1.209208466020393935e+01
1.211761360073561100e+01
1.214130471821871282e+01
1.216328712235255161e+01
1.218383105294250157e+01
1.220305945408825110e+01
1.222111475013844917e+01
1.223811668944290787e+01
1.225413501592783660e+01
1.226933971508267796e+01
1.228367178086092437e+01
1.229734273135985489e+01
1.231029656917764115e+01
1.232269014025749065e+01
1.233450419621400052e+01
1.234578768314411334e+01
1.235662137105212643e+01
1.236694381904591289e+01
1.237689608228834359e+01
1.238653373750075914e+01
1.239571774467216514e+01
1.240462685815171184e+01
1.241316138405326264e+01
1.242150532620360437e+01
1.242945523919743778e+01
1.243723913502681633e+01
1.244477425366709333e+01
1.245202263341037785e+01
1.245910106210261503e+01
1.246592966880636411e+01
1.247261707926733010e+01
1.247912552903879657e+01
1.248559072814568971e+01
1.249213845131649414e+01
1.249870842329876375e+01
