1.340701383138192796e+03
1.672143347099680568e+03
1.964716170937417701e+03
2.212604020634055814e+03
2.416129273604872196e+03
2.577722295756293988e+03
2.702382845731426187e+03
2.796099107845014714e+03
2.862199852885934433e+03
2.906367644475353245e+03
2.932382786109641529e+03
2.943669749789927664e+03
2.943290899292560880e+03
2.933431159877140999e+03
2.916184702565357384e+03
2.893873178966256546e+03
2.867046869333374161e+03
2.837754107436955110e+03
2.806143332248582738e+03
2.773570917215990903e+03
2.740567022553525021e+03
2.707313297186520685e+03
2.674518360275373198e+03
2.642435183653796230e+03
2.611288048249106396e+03
2.581243291529247472e+03
2.552465319321669540e+03
2.525061078436453045e+03
2.499111326584147719e+03
2.474664549369243105e+03
2.451733081289092752e+03
2.430345423296080298e+03
2.410499339853497986e+03
2.392173902273213116e+03
2.375349762146791818e+03
2.360089606563683446e+03
2.346332418312031223e+03
2.334028630435845116e+03
2.323129952714777573e+03
2.313610189856580746e+03
2.305418818918124543e+03
2.298516102128875900e+03
2.292881931450582670e+03
2.288655748770769605e+03
2.285738673995984300e+03
2.283985970511191226e+03
2.283373869467241093e+03
2.283873428731442345e+03
2.285630725081677156e+03
2.288695998890169903e+03
