5.274445514865397854e+03
7.120002507237016289e+03
9.021014329558742247e+03
1.090168919927537354e+04
1.270970833643076003e+04
1.440683729916206357e+04
1.597458205869346239e+04
1.740950111540314538e+04
1.870083034252449943e+04
1.985976379626502967e+04
2.089233555188051105e+04
2.180776719745522496e+04
2.261718610775625348e+04
2.332901549676172726e+04
2.395363576328739873e+04
2.450664824477202637e+04
2.498935268262215686e+04
2.541935899905822953e+04
2.579620051783161034e+04
2.613363385985924469e+04
2.643738436491284665e+04
2.670930598837923753e+04
2.695859401005364634e+04
2.718919179869266009e+04
2.740508608728201943e+04
2.760985750812557308e+04
2.780663845470013985e+04
2.799858839957990858e+04
2.818831153047077896e+04
2.837818188306747834e+04
2.857006940318798297e+04
2.876573548397009290e+04
2.896695744571545947e+04
2.917493765699883443e+04
2.939089515722885699e+04
2.961696176944353647e+04
2.985402735510895218e+04
3.010263231520897898e+04
3.036353571849348737e+04
3.063751016991920915e+04
3.092507463583169374e+04
3.122680112982122591e+04
3.154328327410215570e+04
3.187858197368323454e+04
3.223187378203243861e+04
3.260209643304572091e+04
3.298978217463041801e+04
3.339529745572487445e+04
3.382262821003764839e+04
3.427406776543835440e+04
