1.955211595013588521e+03
2.492349351540914995e+03
2.984502425558587220e+03
3.418113476041447939e+03
3.789556922942470464e+03
4.099241080777874231e+03
4.352224758004730575e+03
4.555899359138333239e+03
4.714023515249463344e+03
4.834631620609263337e+03
4.923172167199255455e+03
4.984725936510319116e+03
5.024103775752350884e+03
5.044809731474087130e+03
5.050289555154123263e+03
5.044575171940353357e+03
5.028543641371963531e+03
5.005988378242042927e+03
4.977155606762656134e+03
4.944629309582374844e+03
4.909474878508665824e+03
4.872061962414891241e+03
4.833878348499566528e+03
4.795490212634809723e+03
4.757417956298764693e+03
4.720107631824853343e+03
4.683894652494700495e+03
4.649152688609055076e+03
4.616073588483121966e+03
4.584890436361303728e+03
4.555680577636260750e+03
4.528584100110430882e+03
4.503668305635089382e+03
4.480983551671155510e+03
4.460548763369793960e+03
4.442516943112036643e+03
4.426855941300492304e+03
4.413498599310290956e+03
4.402436489577592511e+03
4.393659469819494916e+03
4.387108894632964621e+03
4.382742773232763284e+03
4.380547920058744239e+03
4.380865757236302670e+03
4.383484536186249898e+03
4.388205696818690740e+03
4.394994240245351648e+03
4.403798842219316612e+03
4.414941275391231102e+03
4.428553645912164939e+03
