1.236576221496306793e+01
1.259220577052110634e+01
1.278118993632205402e+01
1.294210503692603886e+01
1.308138969849494870e+01
1.320337610253054272e+01
1.331143843761243062e+01
1.340815250837155759e+01
1.349522174106970418e+01
1.357424947905735912e+01
1.364640165011526918e+01
1.371262427972449593e+01
1.377371976188864267e+01
1.383029736797026210e+01
1.388287433038374985e+01
1.393199136774034663e+01
1.397789274206970411e+01
1.402110756322928964e+01
1.406170358119888064e+01
1.410007912477273173e+01
1.413639531068478306e+01
1.417082459948061590e+01
1.420355729529918065e+01
1.423470565309380298e+01
1.426444845016026086e+01
1.429291836273459637e+01
1.432010805830737610e+01
1.434619561248591069e+01
1.437123317658963551e+01
1.439530304938509708e+01
1.441847659553900485e+01
1.444080708695696735e+01
1.446238199138542946e+01
1.448319986758147060e+01
1.450334000194878392e+01
1.452281491792850154e+01
1.454169655191442168e+01
1.455998339093712524e+01
1.457775888068109005e+01
1.459502178620118151e+01
1.461180304558499010e+01
1.462814152293133674e+01
1.464404197294701149e+01
1.465949954519956400e+01
1.467456988508372540e+01
1.468930038454819886e+01
1.470367753607971828e+01
1.471769798883701696e+01
1.473141121746707860e+01
1.474481232332580838e+01
