1.121603519729250387e+01
1.139370968786199789e+01
1.153738308825936976e+01
1.165643407238060014e+01
1.175682938303069847e+01
1.184288432341861785e+01
1.191752996444312451e+01
1.198290062631340724e+01
1.204072640858741927e+01
1.209230549170460378e+01
1.213859670808686886e+01
1.218039608220385261e+01
1.221837189386269529e+01
1.225307368865473201e+01
1.228491138575432018e+01
1.231419970772026495e+01
1.234127496496217091e+01
1.236644548992364712e+01
1.238988698232281038e+01
1.241174465484983003e+01
1.243224666884458074e+01
1.245147944541501950e+01
1.246959378073374580e+01
1.248672473237391856e+01
1.250291853824262844e+01
1.251824663866678300e+01
1.253281899724633774e+01
1.254670502539012666e+01
1.255993983063626196e+01
1.257254981871096078e+01
1.258462883333061022e+01
1.259619193633488088e+01
1.260731214181774362e+01
1.261798278671987283e+01
1.262825418783186571e+01
1.263813702996412935e+01
1.264765916443819549e+01
1.265685669756217102e+01
1.266572951946805325e+01
1.267430698347202167e+01
1.268264224656057060e+01
1.269068529298942494e+01
1.269852318960879778e+01
1.270612947561536998e+01
1.271349283022905929e+01
1.272067222667137187e+01
1.272763201069642314e+01
1.273437410434179640e+01
1.274105393841252543e+01
1.274808943697262364e+01
