1.184336437460657976e+01
1.205335520802083593e+01
1.222476547417227266e+01
1.236778940093823387e+01
1.248939462830620073e+01
1.259400253085234489e+01
1.268520656627772780e+01
1.276558378729051491e+01
1.283696947781109188e+01
1.290087866255768212e+01
1.295854572035390895e+01
1.301078899216683737e+01
1.305844999274923168e+01
1.310213985055849228e+01
1.314229586422485596e+01
1.317949851390210192e+01
1.321393952445296271e+01
1.324611613254596243e+01
1.327601716926977993e+01
1.330410753368551902e+01
1.333054437769813205e+01
1.335532724473934785e+01
1.337873829608119358e+01
1.340096245521319140e+01
1.342204870987441012e+01
1.344211593369273139e+01
1.346116484854754169e+01
1.347930609726246942e+01
1.349666441370815484e+01
1.351328192059635569e+01
1.352919016072171310e+01
1.354447387999818453e+01
1.355917382042910369e+01
1.357327992434469621e+01
1.358685715052703991e+01
1.360002633637797054e+01
1.361270218769551477e+01
1.362494628307418942e+01
1.363683200117777261e+01
1.364830153996432927e+01
1.365941439268608448e+01
1.367023336037452630e+01
1.368070797401861327e+01
1.369092483230161861e+01
1.370081296947849303e+01
1.371043135549876801e+01
1.371979357770669772e+01
1.372893267527550520e+01
1.373797299342493972e+01
1.374664959317262891e+01
