1.153209602252417021e+01
1.173124387548777570e+01
1.189210077618285233e+01
1.202514692450658984e+01
1.213723230459709512e+01
1.223306089638371930e+01
1.231599275414787620e+01
1.238871028012079023e+01
1.245284841393185893e+01
1.251002451858044928e+01
1.256144247406481718e+01
1.260782803884290182e+01
1.264999555536359566e+01
1.268850507775663772e+01
1.272384241967740515e+01
1.275653715424469503e+01
1.278660871944436828e+01
1.281469938323400548e+01
1.284078350099523114e+01
1.286525758053761415e+01
1.288820402911847651e+01
1.290977552560531905e+01
1.293011679316620466e+01
1.294932456204007210e+01
1.296758732285316995e+01
1.298487258395434019e+01
1.300132896581809661e+01
1.301701501021058860e+01
1.303196712540946578e+01
1.304628849940374735e+01
1.306003497388671164e+01
1.307316705889961916e+01
1.308582494031155896e+01
1.309799169800175633e+01
1.310970143641457319e+01
1.312102406665022336e+01
1.313195405501654811e+01
1.314243863631185860e+01
1.315262051902022833e+01
1.316250503315111331e+01
1.317209388528284819e+01
1.318139739465236993e+01
1.319041271608308286e+01
1.319916418253745327e+01
1.320767753045637782e+01
1.321593496964240622e+01
1.322399255125213280e+01
1.323192292972305495e+01
1.323981564403866784e+01
1.324717125771707060e+01
