1.494774571816221282e+02
1.694516975028055299e+02
1.834540165933068749e+02
1.925692969067825970e+02
1.978446382374388861e+02
2.002028827884323050e+02
2.003573679220336885e+02
1.988718527562426175e+02
1.962025648165767109e+02
1.927008704518633238e+02
1.886051069546584529e+02
1.841401513826672556e+02
1.794579615287086654e+02
1.746726280648875900e+02
1.698707091422350288e+02
1.651166360262598403e+02
1.604608789400429885e+02
1.559374229204517235e+02
1.515707376649579885e+02
1.473764858935594759e+02
1.433648775920466676e+02
1.395405807185411220e+02
1.359056892665240355e+02
1.324594320013461868e+02
1.291984598797227761e+02
1.261177682811340333e+02
1.232127157339670589e+02
1.204777196002304152e+02
1.179054224517611829e+02
1.154890464603355014e+02
1.132232630997902731e+02
1.110997037267717360e+02
1.091124851536255704e+02
1.072544192226815483e+02
1.055204726545019724e+02
1.039044369509138335e+02
1.023997582976581668e+02
1.010021402164510533e+02
9.970579363577833476e+01
9.850735903555172968e+01
9.740126406549033788e+01
9.638352785305521309e+01
9.545064881102128140e+01
9.459855452075208859e+01
9.382439522621379524e+01
9.312470327694155969e+01
9.249824438467634025e+01
9.194297180139074044e+01
9.145464943534568647e+01
9.103293218929503894e+01
