1.170493287966642626e+01
1.190770036907529672e+01
1.207236087136969083e+01
1.220923775756295626e+01
1.232504759389115989e+01
1.242440528897099838e+01
1.251074289082790258e+01
1.258660844453068783e+01
1.265377708867610451e+01
1.271381647990152075e+01
1.276784303710576296e+01
1.281670353050326661e+01
1.286123742278182114e+01
1.290194267148978824e+01
1.293931800086849115e+01
1.297393877034057397e+01
1.300588136038102327e+01
1.303568584208307612e+01
1.306346689458523969e+01
1.308945073970650874e+01
1.311389792339306837e+01
1.313683253563474196e+01
1.315847014303456497e+01
1.317898079051469473e+01
1.319843381372180957e+01
1.321690252528919096e+01
1.323442214976368980e+01
1.325116325335595846e+01
1.326713776795403810e+01
1.328241696685826767e+01
1.329707110448428153e+01
1.331113023095428893e+01
1.332464512581238836e+01
1.333762863062369775e+01
1.335019832456119993e+01
1.336223903031422111e+01
1.337387213126541674e+01
1.338513046108458937e+01
1.339600564575257380e+01
1.340655608861613679e+01
1.341681229549120680e+01
1.342676187918556963e+01
1.343637806919026190e+01
1.344569152514251442e+01
1.345478908006396779e+01
1.346363907431062046e+01
1.347224291962739784e+01
1.348064975844228286e+01
1.348903685933309049e+01
1.349695165578362932e+01
