3.772648004164329905e+01
4.092633917750295325e+01
4.262578244778611491e+01
4.321582875174718197e+01
4.301831428604786822e+01
4.228785218840287286e+01
4.120446250319076853e+01
3.989929282646652098e+01
3.846954892765876366e+01
3.698304024896817310e+01
3.548122879322453826e+01
3.399998727545154509e+01
3.255978250157976817e+01
3.117352712659135605e+01
2.984951326430224583e+01
2.859166028490588118e+01
2.740228507896484089e+01
2.628106127130073588e+01
2.522702079591433488e+01
2.423763422037884396e+01
2.331027337182532122e+01
2.244185605631851743e+01
2.162926126244752112e+01
2.086921078116150952e+01
2.015863605587704654e+01
1.949424463378097272e+01
1.887318842199926294e+01
1.829249486647692180e+01
1.774974924629473705e+01
1.724213294588999545e+01
1.676746622616023785e+01
1.632346414170629600e+01
1.590795309956063264e+01
1.551914201566199658e+01
1.515510287920514543e+01
1.481441836347405250e+01
1.449536809020757566e+01
1.419661373443917896e+01
1.391672786606318901e+01
1.365472477131073248e+01
1.340936406045889662e+01
1.317955796045410111e+01
1.296437787980519474e+01
1.276287563316596518e+01
1.257436718268465370e+01
1.239799140081682083e+01
1.223307155561975712e+01
1.207911307552325297e+01
1.193537019843434699e+01
1.180120974353467744e+01
