3.678503666004574484e+02
4.331564385751787540e+02
4.841628246868145879e+02
5.222647807748296600e+02
5.493964264764430254e+02
5.675855605720674930e+02
5.785380857629124876e+02
5.837134608374401523e+02
5.843967731749994527e+02
5.816229579264944505e+02
5.761389797869990161e+02
5.686912478202815464e+02
5.598082908108583524e+02
5.499134624943959579e+02
5.393448271401948659e+02
5.283690353744258346e+02
5.172105139987379516e+02
5.060348098312773573e+02
4.949697433380678717e+02
4.841119751638827324e+02
4.735379144151534092e+02
4.633002506191103294e+02
4.534379718271303545e+02
4.439770509909493512e+02
4.349345504908075100e+02
4.263199277555835920e+02
4.181350541659213604e+02
4.103801515956167236e+02
4.030496724591175735e+02
3.961344707044399911e+02
3.896298073384126042e+02
3.835197313330654652e+02
3.777926028445342581e+02
3.724392283441656559e+02
3.674460150427371445e+02
3.628006464915419542e+02
3.584918193275366320e+02
3.545072150141359657e+02
3.508354344486079412e+02
3.474698040579513645e+02
3.443968101118146024e+02
3.416061324252332838e+02
3.390909078152893130e+02
3.368418439542458600e+02
3.348528121777352453e+02
3.331176591725971434e+02
3.316340204270044296e+02
3.304006378028733479e+02
3.294089213849053408e+02
3.286574646563417446e+02
