3.890386232049455430e+03
5.154779844963093637e+03
6.405902634193627819e+03
7.596202607067789359e+03
8.697964779044166789e+03
9.694090551744639015e+03
1.058068823476701073e+04
1.136293121782056369e+04
1.203989098471375473e+04
1.262404873451051390e+04
1.312329464465389719e+04
1.354658089527657285e+04
1.390349850928188971e+04
1.420119179831917063e+04
1.444743979630823196e+04
1.465279021507324433e+04
1.481872138767301476e+04
1.495631322675714364e+04
1.506576889793501687e+04
1.515521167248782149e+04
1.522801079889704852e+04
1.528550443724434263e+04
1.533270176253946920e+04
1.537192629436026436e+04
1.540522971602757207e+04
1.543445092447613933e+04
1.546120295578960213e+04
1.548708317924648873e+04
1.551337706619565142e+04
1.554113077527901441e+04
1.557123103030010498e+04
1.560443307207303224e+04
1.564137594470252770e+04
1.568270881881497371e+04
1.572893321438044404e+04
1.578072414955183558e+04
1.583853615754691964e+04
1.590254205547715719e+04
1.597279470949555616e+04
1.604969246527024006e+04
1.613337334055880638e+04
1.622393889052404120e+04
1.632160633204935402e+04
1.642806787241068741e+04
1.654298590337348651e+04
1.666567749099958382e+04
1.679634281574872512e+04
1.693513211710973701e+04
1.708387020184881476e+04
1.724360899990787584e+04
