7.249500170906203493e+03
9.912778729395473420e+03
1.274435949994646944e+04
1.563639729064087805e+04
1.850457889525934661e+04
2.128121961708065646e+04
2.392503234893255649e+04
2.641783842028015351e+04
2.873243644782871343e+04
3.087487406071125952e+04
3.284565423644447583e+04
3.465139998600484978e+04
3.630303861411005346e+04
3.780844653264693625e+04
3.917935508994283737e+04
4.043735420409241488e+04
4.158132303690021217e+04
4.263787767558229825e+04
4.360428277773469745e+04
4.450217326099829370e+04
4.533973630385423894e+04
4.612025571142944682e+04
4.685813840215036180e+04
4.756033514248529536e+04
4.823352817966829025e+04
4.888396197175067209e+04
4.951746706258226186e+04
5.013987004387487104e+04
5.075618093070815667e+04
5.137079452683195268e+04
5.198768940321382979e+04
5.261051725533471472e+04
5.324267549508656521e+04
5.388704537396978412e+04
5.454654775772006542e+04
5.522554351951502031e+04
5.592619649722103350e+04
5.665004285174220422e+04
5.739884221607509971e+04
5.817467318345866806e+04
5.897909320732586639e+04
5.981365466054414719e+04
6.067985203626756265e+04
6.158622691184501309e+04
6.253196638573426026e+04
6.351515812354150694e+04
6.453724416901908262e+04
6.559933106035145465e+04
6.671008650793191919e+04
6.787495207292259147e+04
