2.802386230275925755e+03
3.641580544363102035e+03
4.440844282411812856e+03
5.172546494085019731e+03
5.823905672450911879e+03
6.389371846224735236e+03
6.871966966688783032e+03
7.279618784666969077e+03
7.615553746915721604e+03
7.890539468887271141e+03
8.111899429594127469e+03
8.286858439431214720e+03
8.422502156366781492e+03
8.524177133809300358e+03
8.597241684066679227e+03
8.648279128242105799e+03
8.678731834816358969e+03
8.695126253205058674e+03
8.697678366221114629e+03
8.691177306714807855e+03
8.677514799864184170e+03
8.657445936432055532e+03
8.633710879719399600e+03
8.607451180291678611e+03
8.579844568362166683e+03
8.551695672634701623e+03
8.523812390428292929e+03
8.497038087628940048e+03
8.471801202509350333e+03
8.448633299000963234e+03
8.427950972932598233e+03
8.409962087364785475e+03
8.394973644838681139e+03
8.383181951736114570e+03
8.374747262930464785e+03
8.369973810727044111e+03
8.369010538430726228e+03
8.371757406745184198e+03
8.378267037102436007e+03
8.388628439927748332e+03
8.402815619572844298e+03
8.420814242705546349e+03
8.442660625037025966e+03
8.469099269797572560e+03
8.499851424433152715e+03
8.534554909343683903e+03
8.573223310446976029e+03
8.615845624048415630e+03
8.663220847157981552e+03
8.715666798772932452e+03
