9.473836713552667277e+01
1.058571955193370542e+02
1.130952939135506625e+02
1.172746022304922349e+02
1.191393505350560957e+02
1.193175988909911922e+02
1.182755391958948508e+02
1.163701684523778681e+02
1.138818286130772748e+02
1.110159779111749145e+02
1.079098896455871994e+02
1.046876911592181045e+02
1.014283525119768683e+02
9.818835955276968264e+01
9.501017821049084944e+01
9.192198338332246976e+01
8.894411237959096184e+01
8.608991901209759590e+01
8.336616055815611048e+01
8.077666421580272527e+01
7.832121476884020694e+01
7.599918936064193531e+01
7.380754510760765186e+01
7.174205810297181074e+01
6.979840590970535175e+01
6.797110042505305216e+01
6.625592781000180764e+01
6.464672609967698236e+01
6.313870590438196473e+01
6.172669986144929766e+01
6.040584079917498173e+01
5.917108456925218007e+01
5.801766968840561134e+01
5.694133968668818824e+01
5.593821502813083413e+01
5.500472972111111147e+01
5.413639069370899648e+01
5.333064524447411259e+01
5.258373592391580331e+01
5.189441143415982083e+01
5.125810294359279595e+01
5.067330410841317700e+01
5.013767772989520921e+01
4.964882331178301911e+01
4.920563921607254088e+01
4.880598828596664163e+01
4.844968353448971499e+01
4.813521334518968331e+01
4.786150022614346966e+01
4.762782077648979140e+01
