1.211126820672955162e+01
1.233235950780968793e+01
1.251449401675132833e+01
1.266777543422946373e+01
1.279909200707471939e+01
1.291294416262699229e+01
1.301286725674696676e+01
1.310161673572188867e+01
1.318080679413185941e+01
1.325219626547166385e+01
1.331695028972610828e+01
1.337591083227973954e+01
1.343003241602417575e+01
1.347983165385838511e+01
1.352584273759848443e+01
1.356866716587758148e+01
1.360844119794231055e+01
1.364569610622252682e+01
1.368057900447630537e+01
1.371337589155933401e+01
1.374435108197111610e+01
1.377358885672438937e+01
1.380122536413660406e+01
1.382752666249220752e+01
1.385250304724142190e+01
1.387630921726958455e+01
1.389906923152633134e+01
1.392076726123425345e+01
1.394156793665514549e+01
1.396150391016108827e+01
1.398061296329817438e+01
1.399904255894384164e+01
1.401678486521523759e+01
1.403387903571018747e+01
1.405036305600217617e+01
1.406634028762796262e+01
1.408172394900356394e+01
1.409661388277285710e+01
1.411104802452675067e+01
1.412507093603692176e+01
1.413867581062792844e+01
1.415187359746162876e+01
1.416474363403056280e+01
1.417725938958695586e+01
1.418940775401771681e+01
1.420124673198490051e+01
1.421279633171580947e+01
1.422406663724821207e+01
1.423504829347929856e+01
1.424582720052313434e+01
