1.135897435897435948e+01
1.146153846153846168e+01
1.156410256410256387e+01
1.166666666666666607e+01
1.176923076923077005e+01
1.187179487179487225e+01
1.197435897435897445e+01
1.207692307692307665e+01
1.217948717948717885e+01
1.228205128205128105e+01
1.238461538461538503e+01
1.248717948717948723e+01
1.258974358974358942e+01
1.269230769230769340e+01
1.279487179487179560e+01
1.289743589743589780e+01
1.300000000000000000e+01
1.310256410256410220e+01
1.320512820512820440e+01
1.330769230769230660e+01
1.341025641025641058e+01
