9.398798167348827448e+00
9.529333103145770423e+00
9.715324578486370655e+00
9.881410132593886786e+00
1.003280402273612459e+01
1.020511708939506157e+01
1.033351634808815689e+01
1.046928131750265578e+01
1.056940460855772024e+01
1.066765925796541659e+01
1.076243331586807095e+01
1.083263302544628992e+01
1.091048419994556262e+01
1.097336295825991037e+01
1.104956687894815559e+01
1.112047443743221820e+01
1.119592127606124343e+01
1.126982316987015409e+01
1.133842122974444777e+01
1.140095130133156154e+01
1.146965502450902186e+01
