8.671747818288663368e+00
8.852779184842420435e+00
9.100430320883500457e+00
9.307645093842998207e+00
9.519352070561131640e+00
9.698940874510237009e+00
9.868450074618339229e+00
1.002000603241662269e+01
1.016180058986663859e+01
1.032197934160917896e+01
1.045330119655180390e+01
1.058390802543493692e+01
1.069291403560090004e+01
1.077514793551175032e+01
1.084625624466146121e+01
1.093853629531407812e+01
1.101115409534697243e+01
1.107828895379369705e+01
1.117062228243395161e+01
1.123847851738277903e+01
1.132580624950458414e+01
1.135832884704851153e+01
