8.738670647812954329e+00
8.835151273511103298e+00
9.122615843951832559e+00
9.325763190906700473e+00
9.507197892477055490e+00
9.712692412009721110e+00
9.892352139665124611e+00
1.005056548194177424e+01
1.017818035961669487e+01
1.033082971107650039e+01
1.047781305277633557e+01
1.057607301480695661e+01
1.069457380043106554e+01
1.077463180502679485e+01
1.086421917133703374e+01
1.093333897192005821e+01
1.100503277649347922e+01
1.108218560147620479e+01
1.114653625380240243e+01
1.121788394205692718e+01
1.130199595365873755e+01
1.136890950887031515e+01
1.143499462323096338e+01
