1.603740904772122740e+05
1.974318943564643268e+05
2.191297745735223580e+05
2.264799402264313831e+05
2.227911153788413212e+05
2.117505968525769131e+05
1.962954539808515692e+05
1.785877271799050504e+05
1.601638055622030806e+05
1.420178352953363501e+05
1.246947252089309623e+05
1.086242029954431346e+05
9.399074681367995800e+04
8.087185730697870895e+04
6.927337063518374634e+04
5.915145450972803519e+04
5.044532205593282561e+04
4.307007945620011742e+04
3.693269440539252537e+04
3.193843800297632697e+04
2.799500501218150748e+04
2.501507871962653007e+04
2.291778524861810729e+04
2.162900939131186533e+04
2.108266627458358926e+04
2.122003282954925817e+04
2.198980979727005615e+04
2.334794173348489494e+04
2.525714790029373398e+04
2.768648796899771696e+04
3.061648617377835035e+04
3.401741344177047722e+04
3.788380730848268286e+04
4.220939891916606575e+04
4.699437457076222927e+04
5.224529186340851447e+04
5.797545726089035452e+04
6.420568346212838514e+04
7.096502460006401816e+04
7.829276589888280432e+04
8.623866738570237067e+04
9.486648489054784295e+04
1.042570891028955521e+05
1.145126767511730432e+05
1.257639268358021363e+05
1.381801714085731655e+05
1.519962699984044302e+05
1.675255939755885338e+05
1.851827388270428346e+05
2.055682751811324270e+05
