1.937016507826621048e-01
1.365451533750700885e-01
1.031984864712009176e-01
8.213275875360941114e-02
6.790949525854905744e-02
5.773117924175261151e-02
5.009784563781170819e-02
4.414113991817129184e-02
3.933234842492825539e-02
3.534112574581056015e-02
3.195730965283358899e-02
2.903168076889423369e-02
2.646453872973044200e-02
2.418414319703124718e-02
2.213844119757357731e-02
2.028807595055203902e-02
1.860275771805862399e-02
1.705973515051947831e-02
1.564060368063688311e-02
1.433076065425440727e-02
1.311834188265272039e-02
1.199366212289985564e-02
1.094857769625126945e-02
9.976291879414338204e-03
9.071057983384386500e-03
8.227851858801683849e-03
7.442454826892869538e-03
6.711075977162641107e-03
6.030365423553480687e-03
5.397472810623654520e-03
4.809624410785509098e-03
4.264713061376633647e-03
3.760524270082229916e-03
3.295114597491790448e-03
2.866666850947768332e-03
2.473608538284809491e-03
2.114439566523613253e-03
1.787739017254814326e-03
1.492226991587506041e-03
1.226668334840242108e-03
9.899718639390030998e-04
7.810864024053315591e-04
5.990022698271466918e-04
4.427849579078398492e-04
3.115370292498432386e-04
2.044089419386964737e-04
1.206036556507636724e-04
5.959869881572447194e-05
2.114004203096569065e-05
2.674250272899183060e-06
