1.281319983092681913e-01
1.120116437611831800e-01
1.010787759669875691e-01
9.269026672822708313e-02
8.572644539062709845e-02
7.966412366059714978e-02
7.423498823054192064e-02
6.928585277160882738e-02
6.472446599971977410e-02
6.048996568826515985e-02
5.653449112654861802e-02
5.282812713595883697e-02
4.934422454130237695e-02
4.606171096820082383e-02
4.296324826822878890e-02
4.003377143322674192e-02
3.726180978915334674e-02
3.463692100999011397e-02
3.214993540465124061e-02
2.979310952092883644e-02
2.755938796665447291e-02
2.544269652283230251e-02
2.343735107580111748e-02
2.153865442452132170e-02
1.974198101073485270e-02
1.804335748926411825e-02
1.643907974254646062e-02
1.492579300924498989e-02
1.350036219770917208e-02
1.215989812681891880e-02
1.090125553625289657e-02
9.722894019629295739e-03
8.622001332994802536e-03
7.596311620700129871e-03
6.643815322798870930e-03
5.762504700034185023e-03
4.950579579776161199e-03
4.206241083027707425e-03
3.527806502330138073e-03
2.913551335027533828e-03
2.362124457853753776e-03
1.872064256070634855e-03
1.441974394891791522e-03
1.070514654967595625e-03
7.563986162458279441e-04
4.983806457010155327e-04
2.952120620471391740e-04
1.457860851797218268e-04
4.902955907043229065e-05
4.190752293039709985e-06
