2.863365914903520659e-01
2.219435559605827946e-01
1.804409367184899304e-01
1.520620072943846546e-01
1.316282113425971401e-01
1.162657338937120866e-01
1.042214914000878928e-01
9.441585189201087691e-02
8.621807454308519358e-02
7.916601945511368699e-02
7.297484181056167196e-02
6.744685700543215368e-02
6.244413990074590415e-02
5.786802035339558281e-02
5.364511890991841697e-02
4.972927069197084077e-02
4.607167927402364832e-02
4.265362285072556159e-02
3.943895875911964527e-02
3.641989094281524592e-02
3.358045639310460601e-02
3.089885499468776262e-02
2.837390405082924894e-02
2.599563004650789003e-02
2.375605751045057473e-02
2.164817027502017807e-02
1.966465240640727363e-02
1.779996088935286228e-02
1.605106291064195556e-02
1.441335239692145137e-02
1.288256464857617453e-02
1.145499395566335933e-02
1.012684278331308328e-02
8.894773167361633148e-03
7.755721314835607380e-03
6.705586787579429116e-03
5.742080130965008036e-03
4.862770631459734094e-03
4.065111424166978175e-03
3.346492137182700052e-03
2.704510248331943364e-03
2.136772991088169323e-03
1.640933565876210492e-03
1.214128861067215008e-03
8.548036411483592384e-04
5.612246716538901985e-04
3.313419594352052990e-04
1.631782978918883099e-04
5.470203970556098848e-05
4.268113766920984023e-06
