1.077296447012150893e+06
1.417934549146331381e+06
1.671614777753356379e+06
1.826411491384904832e+06
1.890600877526189201e+06
1.879033232488790760e+06
1.810698487331098178e+06
1.704449797149518039e+06
1.571853005704846699e+06
1.426684813620315865e+06
1.277362243310423801e+06
1.130216353517529555e+06
9.898815496113357367e+05
8.587414860101141967e+05
7.385687641492915573e+05
6.312657452047087718e+05
5.357126982355745276e+05
4.531753722763693077e+05
3.822147389008624014e+05
3.229896503628672799e+05
2.745757992420648225e+05
2.366380577442577924e+05
2.082402891613694374e+05
1.886753336525066406e+05
1.773066235819941212e+05
1.736294142520692840e+05
1.774585920418676978e+05
1.884506832038802095e+05
2.059009971564411535e+05
2.295430720052400138e+05
2.591627460424994642e+05
2.945839480411984841e+05
3.356907742454800173e+05
3.824130934202667559e+05
4.347255639058226370e+05
4.926398423986977432e+05
5.562079942430406809e+05
6.255902666430315003e+05
7.010114853825339815e+05
7.827537944770790637e+05
8.711756459047137760e+05
9.666976896065996261e+05
1.069809742776179221e+06
1.181097727021736791e+06
1.301406589370209258e+06
1.431625203391433926e+06
1.572748655139989220e+06
1.725912379342952278e+06
1.892834331564559601e+06
2.075733698200610932e+06
