2.074245298921063019e-01
1.695251631574871964e-01
1.457048753499844973e-01
1.293358949143005865e-01
1.171849447008533190e-01
1.075831479195961116e-01
9.958449479840456031e-02
9.265244815288238567e-02
8.647361869397506007e-02
8.084922737818561744e-02
7.565476950181362903e-02
7.080772173255847624e-02
6.625487548365732726e-02
6.195334750586026229e-02
5.787437546294478541e-02
5.400990490928096743e-02
5.032576161512286594e-02
4.683177944748936200e-02
4.349601665449789878e-02
4.032842668821450677e-02
3.732019722070383655e-02
3.445169066874229080e-02
3.173067371051725705e-02
2.915083519090631153e-02
2.670716280806752566e-02
2.439480162127125734e-02
2.220827902690127378e-02
2.014369154663329595e-02
1.819960588473992780e-02
1.637244615003838680e-02
1.465899343330514387e-02
1.305612198909502850e-02
1.156062850165867455e-02
1.016956443197115575e-02
8.880256211334739205e-03
7.688585143560079140e-03
6.592709140676477828e-03
5.590429995602539705e-03
4.679334965708212453e-03
3.856887914011153037e-03
3.120755336218904944e-03
2.468567453762461703e-03
1.897970855507303363e-03
1.405869071254468817e-03
9.908527202379753453e-04
6.512346495665589539e-04
3.848904477884374431e-04
1.897589304474619652e-04
6.367895724189827833e-05
4.969644836775866341e-06
