1.360636971452335274e+03
1.354808544567785248e+03
1.250642725139586673e+03
1.104149049045575794e+03
9.495839399807988457e+02
8.046997834355978512e+02
6.764594332611975460e+02
5.664805846706952934e+02
4.739218237182412850e+02
3.968360262328253043e+02
3.329369126977114206e+02
2.802735710267087370e+02
2.370332702078388820e+02
2.016928960756394815e+02
1.729914020149439580e+02
1.498892428021471517e+02
1.315187356065881090e+02
1.171551766047637102e+02
1.061981734893451517e+02
9.814541549941654353e+01
9.258001828091208552e+01
8.915278386616982687e+01
8.757267771045077609e+01
8.759729367616787954e+01
8.902420824011034028e+01
9.168573537718280875e+01
9.544306801019504860e+01
1.001825742580612939e+02
1.058121984772871542e+02
1.122589158513903840e+02
1.194751626428546984e+02
1.274007097731567058e+02
1.360186794108261665e+02
1.453156253044717516e+02
1.552897435407761009e+02
1.659513590836825756e+02
1.773233547480246557e+02
1.894418676498082732e+02
2.023566128821491645e+02
2.161344197212045515e+02
2.308536820623502308e+02
2.466117505221429553e+02
2.635303066948202400e+02
2.817521089887610515e+02
3.014518387581494494e+02
3.228369190886225510e+02
3.461797132267263919e+02
3.717901949111922590e+02
4.000211100576903505e+02
4.313149223601730000e+02
