2.435811614150820981e-01
1.891283364137030520e-01
1.550696373151081719e-01
1.320474035693104398e-01
1.154357682073971075e-01
1.028122900286458086e-01
9.276369197750135298e-02
8.445398138021087409e-02
7.739624995946950414e-02
7.124778165188427881e-02
6.579210933872527145e-02
6.088084431744512914e-02
5.640880758529614319e-02
5.229944276227098399e-02
4.849595833206919032e-02
4.496167678945198892e-02
4.165581995646321783e-02
3.856428410332667089e-02
3.565550126045801543e-02
3.292323005819614012e-02
3.035372494258086959e-02
2.792725535468181322e-02
2.564295562462159950e-02
2.349183271274838530e-02
2.146658532273927264e-02
1.956078283089841482e-02
1.776789132490318168e-02
1.608264060673224652e-02
1.450224950399889648e-02
1.302249680632409229e-02
1.163951453089257480e-02
1.034982061614033062e-02
9.150071927293217111e-03
8.037131835610746705e-03
7.008166595617395384e-03
6.059533396026936698e-03
5.189143309521893586e-03
4.394779887817178848e-03
3.674122455557144677e-03
3.024831533812515853e-03
2.444740595777916518e-03
1.931688793742503130e-03
1.483566355089740779e-03
1.097784687663927840e-03
7.729591239532286866e-04
5.075385517597756505e-04
2.996737620481096484e-04
1.476034996768823117e-04
4.953113191274811022e-05
3.865494561624490870e-06
