2.242037435549366474e+07
3.544563462461581081e+07
4.989300025141410530e+07
6.439719639145669341e+07
7.786318899173089862e+07
8.943999261979199946e+07
9.863668657862363756e+07
1.052953265131216347e+08
1.092093522603461742e+08
1.106312723872286230e+08
1.097853622745367736e+08
1.069841764992833138e+08
1.025989813335251212e+08
9.692783651245111227e+07
9.029322968790799379e+07
8.313807150949391723e+07
7.551539357834950089e+07
6.789437693858224154e+07
6.022512246970228106e+07
5.286423799284125119e+07
4.591943697985891253e+07
3.936703288347401470e+07
3.343138612409485132e+07
2.816510012823163345e+07
2.361969906899641827e+07
1.983834963928942755e+07
1.687309606945396587e+07
1.479409807819772884e+07
1.362620715176234767e+07
1.340406020125719532e+07
1.416987684619429149e+07
1.597378291565629281e+07
1.888229859884909540e+07
2.296651483083513007e+07
2.830276201441615075e+07
3.498379876556847990e+07
4.308238102895930409e+07
5.270979357722440362e+07
6.400165673725011945e+07
7.711206159428836405e+07
9.222058826817864180e+07
1.095310856796829253e+08
1.292751553328911066e+08
1.516805986568054855e+08
1.771040382120021880e+08
2.059470002003861368e+08
2.386471478659686148e+08
2.757117311099790335e+08
3.177679155064240694e+08
3.656411099116584659e+08
