9.487954908613699445e+03
1.013057087440063697e+04
9.952246947934980199e+03
9.288865907540459375e+03
8.393250747050484279e+03
7.427358042453032795e+03
6.479768734518608653e+03
5.596713439006218323e+03
4.800333579492671561e+03
4.097315765586044108e+03
3.484365514614985841e+03
2.957238078932687586e+03
2.508050866892294380e+03
2.128623605364607556e+03
1.811014271588810743e+03
1.547896330128922727e+03
1.332743131264721114e+03
1.159653044160558693e+03
1.023428194222165075e+03
9.195525190781060019e+02
8.441121875081705639e+02
7.937119472985273205e+02
7.654375568108247307e+02
7.567832318814242853e+02
7.656050604609291668e+02
7.900785754885121150e+02
8.286577448670033164e+02
8.800461578877013835e+02
9.431714639622578034e+02
1.017168355794328022e+03
1.101441546927481113e+03
1.195250447749727300e+03
1.298358835110927657e+03
1.410541552632509365e+03
1.531714288048998696e+03
1.661936059552613642e+03
1.801382792456962989e+03
1.950375760839521718e+03
2.109390608531788075e+03
2.279082367876842909e+03
2.460233827270662005e+03
2.653849195958206110e+03
2.861170579251493109e+03
3.083680380243253694e+03
3.323174677800498557e+03
3.581765648906316073e+03
3.862219781850770232e+03
4.167658761077203053e+03
4.501600687935444512e+03
4.868382098625127583e+03
