4.249726833323529572e+05
5.481936773477442330e+05
6.355834575534912292e+05
6.830166454249280505e+05
6.948695701239123009e+05
6.783351884896188276e+05
6.419401606406373903e+05
5.935688004386220127e+05
5.379039287053756416e+05
4.800400671991533018e+05
4.228768986927770893e+05
3.684324953599997680e+05
3.180378117351821857e+05
2.722366352176609798e+05
2.313553657045879227e+05
1.957157459462706756e+05
1.647779537890834326e+05
1.386482226385056856e+05
1.167875674697723880e+05
9.899118887944362359e+04
8.484125640465630568e+04
7.421666949976734759e+04
6.664431861380791815e+04
6.184948771560766181e+04
5.958940087891542498e+04
5.967440137783886894e+04
6.201223248863481422e+04
6.646441883738784236e+04
7.280298829035245581e+04
8.093646097502431076e+04
9.079212705462260055e+04
1.023137472956278652e+05
1.154679394351139199e+05
1.302367344162715162e+05
1.466203657698338793e+05
1.646368737355330086e+05
1.843138238727213175e+05
2.057137019326971495e+05
2.289190054468141461e+05
2.540358947196094960e+05
2.811927206110273837e+05
3.105411039997097687e+05
3.422632725277135614e+05
3.766085153925345512e+05
4.138702334415172809e+05
4.543573914838972851e+05
4.984364661852068966e+05
5.465255277740651509e+05
5.992984207222203258e+05
6.575874878103906522e+05
