1.977497432563605773e-01
1.570784242358702898e-01
1.320745374197614674e-01
1.152671721059471410e-01
1.030550169772376512e-01
9.360539820192712024e-02
8.588511169630304309e-02
7.930985488029770880e-02
7.354424149365781926e-02
6.836940451622970649e-02
6.365071669198568705e-02
5.929747984427598262e-02
5.524917377113777034e-02
5.146007289574201782e-02
4.789698605671339343e-02
4.454597278132232246e-02
4.137463113185124025e-02
3.838504543507613442e-02
3.554900767303081216e-02
3.287003877190296242e-02
3.033849137179146088e-02
2.793707965166129445e-02
2.566929117105241215e-02
2.352817378832833956e-02
2.150817016156426550e-02
1.960398895547949688e-02
1.781024623453235020e-02
1.612248912969057799e-02
1.453849718570427059e-02
1.305466766786354295e-02
1.166736766203179017e-02
1.037337453075795092e-02
9.169530097893808032e-03
8.052791075268784377e-03
7.020471416182371902e-03
6.068843352039901551e-03
5.195935020497997013e-03
4.399472481636679082e-03
3.677142137607154835e-03
3.026557173285225610e-03
2.445505148642471756e-03
1.931787473168148240e-03
1.483253600391046473e-03
1.097271932495274063e-03
7.724065077123291054e-04
5.070473289032346705e-04
2.993107995173458348e-04
1.473856627114488002e-04
4.941740455099832353e-05
3.855940321991700083e-06
