1.629936993880344576e-01
1.363371329079160199e-01
1.176321624826775630e-01
1.034183092423619776e-01
9.205729192923334248e-02
8.266336739325053085e-02
7.471446870902836990e-02
6.787049995829971816e-02
6.189598951974902702e-02
5.662211601804179734e-02
5.192336197016946681e-02
4.770244008098441235e-02
4.388430545511416009e-02
4.040940600343375516e-02
3.723048080820098166e-02
3.430872450424734404e-02
3.161282550816976039e-02
2.911733420160392272e-02
2.680090905332704887e-02
2.464553537065188038e-02
2.263655989144601130e-02
2.076111814292559005e-02
1.900861873741633082e-02
1.736968274915703936e-02
1.583639824309297436e-02
1.440180489384127772e-02
1.305986279047168137e-02
1.180508750385179766e-02
1.063285382379443832e-02
9.538832797168064759e-03
8.518995833960473288e-03
7.570478214655936532e-03
6.689811129728545983e-03
5.874194307521869197e-03
5.120993510802936306e-03
4.427819520739974951e-03
3.792444811512954341e-03
3.212789546200477825e-03
2.686905545603754299e-03
2.212950863577672466e-03
1.789293258699029389e-03
1.414351604857437897e-03
1.086627597152908234e-03
8.046828497609457773e-04
5.671682807058507636e-04
3.727980015971006839e-04
2.203023002565070144e-04
1.085461523158469881e-04
3.652036436819410746e-05
3.625366157224126188e-06
