3.128200170546287517e-01
2.491296784916071927e-01
2.068807678323577870e-01
1.771961211447853346e-01
1.553112740035955397e-01
1.385301049659672101e-01
1.251686320700324540e-01
1.141621893463312526e-01
1.048705221397955994e-01
9.681689931304635066e-02
8.969893764853394125e-02
8.330409993625516318e-02
7.748213160019952472e-02
7.212408783743602669e-02
6.714928465488646803e-02
6.250839376145800319e-02
5.814503660801127044e-02
5.404373102914804272e-02
5.016027496112704376e-02
4.649154533213566837e-02
4.302114175816436348e-02
3.972200065517499101e-02
3.659824764446838186e-02
3.363959355618759833e-02
3.083841222384563208e-02
2.818798277872546290e-02
2.568077776118960626e-02
2.331186560140747349e-02
2.107939848570677607e-02
1.897922595353143671e-02
1.700756608391750316e-02
1.516084043820025568e-02
1.343574750844258973e-02
1.182911172377739198e-02
1.033802946291877481e-02
8.958055107799527475e-03
7.687350582406020892e-03
6.523685289525945306e-03
5.464603239463320869e-03
4.507436749159119370e-03
3.649745333301343368e-03
2.889014592072409841e-03
2.222722837298545494e-03
1.647461265251943694e-03
1.161814098970576905e-03
7.640364076406796221e-04
4.518044381703441780e-04
2.228630593673512151e-04
7.482338749791767627e-05
5.839972259625099566e-06
