1.948644739533237635e-01
1.632268674237771777e-01
1.450066227064653879e-01
1.334880853912405463e-01
1.254212013435300199e-01
1.191758867488958984e-01
1.138697957705582381e-01
1.090517496303707312e-01
1.044684393161206259e-01
1.000032723738471935e-01
9.559309615498429169e-02
9.121182468775096419e-02
8.685671278775793092e-02
8.252279893148815881e-02
7.821742955227287131e-02
7.397905203737061008e-02
6.977970155335010138e-02
6.567738871809673806e-02
6.163610293732234985e-02
5.770373337300658406e-02
5.388500727481784769e-02
5.015843317500681686e-02
4.655852881282093042e-02
4.308688605127666826e-02
3.974659370612720205e-02
3.654004409728207892e-02
3.346637450777167899e-02
3.052724200924247094e-02
2.772855972048504647e-02
2.507096722157798468e-02
2.255440554287121979e-02
2.017906431420710134e-02
1.794433618682801310e-02
1.584936750213948586e-02
1.389351440484515830e-02
1.207298406237908295e-02
1.038789929535240998e-02
8.837501287478077144e-03
7.420324045829941248e-03
6.134370523670647744e-03
4.977758822074314533e-03
3.948317036938936951e-03
3.043738404188275556e-03
2.260075817646849377e-03
1.596537227667824566e-03
1.051631077723788263e-03
6.228548505039575682e-04
3.077236881780754329e-04
1.034567565832138241e-04
8.077191360499419450e-06
