5.485824061863152310e+06
7.931004390258218162e+06
1.018681960270224698e+07
1.203468269246371835e+07
1.337625864352079295e+07
1.418429556922072917e+07
1.450056949657504261e+07
1.440887853685571440e+07
1.396605375257281587e+07
1.327313002302997746e+07
1.240228795970127732e+07
1.141809258390723914e+07
1.037668587730323337e+07
9.315339587973861024e+06
8.266877019114500843e+06
7.268717444832554087e+06
6.320177819468564354e+06
5.453692097467016429e+06
4.659158066619323567e+06
3.955794768788960762e+06
3.343298377239237074e+06
2.818041560186109040e+06
2.385095137952185236e+06
2.041795257297534728e+06
1.785570785433458863e+06
1.614177216274796519e+06
1.528492702431331156e+06
1.528780831627962179e+06
1.609662442349767778e+06
1.770210656449402682e+06
2.010157867914323928e+06
2.329539485524624586e+06
2.729090169705071021e+06
3.209910194033447653e+06
3.773606927733959164e+06
4.422357883332318626e+06
5.158359423170641065e+06
5.985718260188492946e+06
6.909664982124126516e+06
7.936352328296747059e+06
9.073286952363468707e+06
1.032921689441216178e+07
1.171434906385250576e+07
1.324015672193768620e+07
1.492412309518689103e+07
1.678562112812387943e+07
1.884709456513516232e+07
2.113520437492845953e+07
2.368985470176702365e+07
2.656832717590438947e+07
