2.375559734764525667e+06
3.331332238458104897e+06
4.127697579513257835e+06
4.695815922940623015e+06
5.032192176965208724e+06
5.159034825486211106e+06
5.115017135772761889e+06
4.943464428360736929e+06
4.671686212314712815e+06
4.337304062144802883e+06
3.965467555853107944e+06
3.577051594678592402e+06
3.188963669561102521e+06
2.811579748781689443e+06
2.453403898341805674e+06
2.123874782478618901e+06
1.821341733354703058e+06
1.553105813833257882e+06
1.315356810483870795e+06
1.111315524921651231e+06
9.393590809362757718e+05
7.983907018720533233e+05
6.874850701772901230e+05
6.049697067394301994e+05
5.492966218607942574e+05
5.192204180933921598e+05
5.145375944312702050e+05
5.346391392683850136e+05
5.774550398588653188e+05
6.423624545604404993e+05
7.289015784562898334e+05
8.367203608039761893e+05
9.656676088790196227e+05
1.115709606186211808e+06
1.286988050397051964e+06
1.479770875979424920e+06
1.694425754517727764e+06
1.931738347430576803e+06
2.192782849613111001e+06
2.478832604889743030e+06
2.791461394880945794e+06
3.132497153761761729e+06
3.504045180919468403e+06
3.908483690958668012e+06
4.349222555982693098e+06
4.829957109191602096e+06
5.354716343428360298e+06
5.928059084161213599e+06
6.556377468573425896e+06
7.247714744735826738e+06
