4.634638471228832006e+07
7.565826271452234685e+07
1.105371111001794189e+08
1.486485022965452671e+08
1.873681092252124250e+08
2.238946606050246954e+08
2.559800952324124277e+08
2.823049457570643425e+08
3.015673938544486165e+08
3.138934439722280502e+08
3.194837068157179952e+08
3.189015166968554258e+08
3.129709419439697266e+08
3.023779496251260638e+08
2.879425515098676682e+08
2.709109716405346394e+08
2.513919924239482582e+08
2.308321838562653065e+08
2.090630198997824788e+08
1.872770579287465215e+08
1.658900726715967655e+08
1.448313852813351154e+08
1.249738280446637571e+08
1.065858309294229150e+08
8.994128352026355267e+07
7.528729198554228246e+07
6.286196745373283327e+07
5.298593791054608673e+07
4.591486200894967467e+07
4.186763211964292079e+07
4.107079892128022760e+07
4.377018921996961534e+07
5.029162379454872012e+07
6.100086781953717768e+07
7.628596084149129689e+07
9.662897816269870102e+07
1.223751048526755422e+08
1.540423085976998508e+08
1.922645947271397114e+08
2.377599018757688403e+08
2.913534904178456664e+08
3.539777285932438970e+08
4.266890503493436575e+08
5.104849757007310987e+08
6.069325861476120949e+08
7.178153118495150805e+08
8.450511977257579565e+08
9.908507064842730761e+08
1.157760168699727535e+09
1.349084803859256506e+09
