2.536024242901549223e+04
2.850852120944684066e+04
2.910665528587264635e+04
2.796887533481933860e+04
2.585853286459756782e+04
2.331978253406917429e+04
2.067421002585536189e+04
1.810407149221421059e+04
1.570981118814796173e+04
1.353788684987756642e+04
1.159811826027825191e+04
9.894824628102978750e+03
8.416587092250289061e+03
7.147537972283097588e+03
6.070027146636113685e+03
5.165854895956420478e+03
4.417748562103260156e+03
3.808999833933552054e+03
3.324102825354079869e+03
2.949073654965793139e+03
2.671394031659348457e+03
2.480073005040144835e+03
2.365446716059528171e+03
2.319187228879880422e+03
2.334076069173797350e+03
2.404005093999759083e+03
2.523762866009319168e+03
2.688976430107551096e+03
2.896004564630382447e+03
3.141936288824933399e+03
3.424738026129697573e+03
3.741849159762275121e+03
4.092471174267430797e+03
4.475825771669563437e+03
4.891645810202870052e+03
5.340117430666672590e+03
5.821847265399878779e+03
6.338039208054897244e+03
6.890349287607838050e+03
7.481045230159133098e+03
8.112945215065519733e+03
8.789624578509447019e+03
9.515485890314432254e+03
1.029578962776225308e+04
1.113703375809095814e+04
1.204705663791546249e+04
1.303592009767734089e+04
1.411551686479055206e+04
1.529989584318871857e+04
1.660666059575031250e+04
