1.692351949177403059e-01
1.360980391823685409e-01
1.145662778135562443e-01
9.927203548188674731e-02
8.767750655408246274e-02
7.845235003815678732e-02
7.085062374726314172e-02
6.441744584781521066e-02
5.885812942961046040e-02
5.397534060160052993e-02
4.963201614559660524e-02
4.572650176019057988e-02
4.218497562986001093e-02
3.895115688530437908e-02
3.598047432017280334e-02
3.323853318297280424e-02
3.069778103531078245e-02
2.833582781677527682e-02
2.613460873991573993e-02
2.407870232194877017e-02
2.215550300440433454e-02
2.035429510873950493e-02
1.866590252879710490e-02
1.708238085175503573e-02
1.559697388184799749e-02
1.420373141137374305e-02
1.289733841428406316e-02
1.167325654859666280e-02
1.052726461877648463e-02
9.455649925772309505e-03
8.454813664707136814e-03
7.522270191505053306e-03
6.654943388161111729e-03
5.850264199473373568e-03
5.105977085128002996e-03
4.419837917725321329e-03
3.789893567759587082e-03
3.214263467722363633e-03
2.691187397624875133e-03
2.218980208964589727e-03
1.796204387464298306e-03
1.421431749464546757e-03
1.093316191561218053e-03
8.105756365624134686e-04
5.719889852004185872e-04
3.764086336518489870e-04
2.226956561996481078e-04
1.099586565191600876e-04
3.770690754374539632e-05
4.296926398492121629e-06
