4.900466092189292908e+02
4.658150429643263806e+02
4.122966390111981241e+02
3.507270200915292548e+02
2.921074662184775548e+02
2.408944018478362636e+02
1.979803853402676737e+02
1.628339947352161232e+02
1.344361073069918291e+02
1.116558147897865894e+02
9.343347241738739228e+01
7.889031997387118622e+01
6.728931789528107288e+01
5.804272822464823633e+01
5.068808899422618452e+01
4.486587585899546582e+01
4.028917155050121579e+01
3.673385743131441217e+01
3.402320700570001577e+01
3.201675825797472896e+01
3.060163100442256479e+01
2.968626777534575112e+01
2.919653451547129208e+01
2.907081296345322841e+01
2.925895477284940682e+01
2.971895598187981591e+01
3.041612462717615273e+01
3.132133082886882391e+01
3.241043651342864251e+01
3.366389633665585990e+01
3.506709342663305051e+01
3.660219745248051737e+01
3.826117298730359551e+01
4.003590033486593569e+01
4.192019444227371139e+01
4.391041587142498770e+01
4.600390358689080728e+01
4.820065966520360945e+01
5.050203145204157096e+01
5.291116113497031392e+01
5.543209852791214587e+01
5.807120375051491123e+01
6.083575188531174405e+01
6.373537364357850521e+01
6.678136491891497428e+01
6.998755990162479179e+01
7.337125953615640128e+01
7.695070340591999525e+01
8.074584848390912839e+01
8.478032938209064184e+01
