1.111056222054082155e+07
1.694586863324723765e+07
2.289192717818294093e+07
2.832480435030164570e+07
3.285004341050476208e+07
3.623781991485662013e+07
3.844107932976507396e+07
3.954588870096045732e+07
3.959953557775617391e+07
3.880059455054236948e+07
3.730482725169076771e+07
3.527394334552680701e+07
3.286769022224994376e+07
3.020448959884564951e+07
2.739843722587190196e+07
2.458915199170817807e+07
2.178988065022013336e+07
1.913263812532339618e+07
1.659550689761751331e+07
1.426796456530649401e+07
1.216671505298942886e+07
1.028173524800840020e+07
8.655765097036814317e+06
7.291330509087902494e+06
6.190564576656478457e+06
5.354620621315234341e+06
4.791922336766510271e+06
4.512624970084582455e+06
4.508339079817831516e+06
4.781423871749949642e+06
5.336977257080180570e+06
6.181553897171686403e+06
7.324632534340584651e+06
8.776541122329333797e+06
1.054927993280202895e+07
1.265731876445553638e+07
1.511360099722460844e+07
1.793879991703468189e+07
2.115896817934383079e+07
2.480437139511630312e+07
2.891144149641492590e+07
3.352264120172644407e+07
3.868774213426234573e+07
4.446320271322926134e+07
5.093517350277279317e+07
5.820302885723433644e+07
6.638304109515161812e+07
7.561585555169373751e+07
8.611236293286557496e+07
9.817286996873059869e+07
