6.354248080878386827e+04
7.491379547777357220e+04
7.975236555738092284e+04
7.944456769060336228e+04
7.574896507957499125e+04
7.014038645801860548e+04
6.361122179297520051e+04
5.680396937569195870e+04
5.013047871938718163e+04
4.383053885498376621e+04
3.801362184321847599e+04
3.276128899189086951e+04
2.808880743511683977e+04
2.398607029372833495e+04
2.042758363981838193e+04
1.737820167876379492e+04
1.480163472468368491e+04
1.265818592589743639e+04
1.090908373228948221e+04
9.517389519208438287e+03
8.449018977388130224e+03
7.672872417277207205e+03
7.160878718468292391e+03
6.888083652202495614e+03
6.832354532921378450e+03
6.974319157259281383e+03
7.297209805835319457e+03
7.786630193463291107e+03
8.430382209105684524e+03
9.218406074916529178e+03
1.014382259608867207e+04
1.119763672806447539e+04
1.237718481447109480e+04
1.367999845555713910e+04
1.510531567499740777e+04
1.665429054616333087e+04
1.832992126145080329e+04
2.013733236108002166e+04
2.208379176578842089e+04
2.417935744884256201e+04
2.643680027590486861e+04
2.887238572845497765e+04
3.150668377653797506e+04
3.436536914751437143e+04
3.748101353069750621e+04
4.089408366658703744e+04
4.465942573281151272e+04
4.884505525194756046e+04
5.353537624701276218e+04
5.884247023165931751e+04
