1.570506968459471075e-01
1.233646285299113132e-01
1.023193969778547624e-01
8.788739477513037024e-02
7.725540184556756174e-02
6.896980532645573259e-02
6.223933972347268917e-02
5.659376574777432584e-02
5.173889628656157952e-02
4.748390361537969950e-02
4.370010948252731064e-02
4.029500528276371007e-02
3.720264431464610083e-02
3.437367674723570965e-02
3.177044431486873710e-02
2.936290855195137703e-02
2.712849364395356414e-02
2.504810200112001298e-02
2.310667736727324215e-02
2.129127983448650743e-02
1.959149934861006276e-02
1.799828820212780525e-02
1.650387602367988163e-02
1.510173540784875805e-02
1.378604797399532282e-02
1.255172145134988114e-02
1.139423963665768015e-02
1.030964269944068847e-02
9.294394614522558801e-03
8.345210266011447720e-03
7.458940394044258002e-03
6.633432924972750173e-03
5.865949503104992205e-03
5.154258189647864356e-03
4.496289255801419645e-03
3.890072914898444825e-03
3.333849546013573171e-03
2.825908530728255420e-03
2.364683213640806237e-03
1.948612376837571304e-03
1.576400057918129864e-03
1.246719547823985476e-03
9.583262120116675664e-04
7.100285129100675262e-04
5.007030972301191587e-04
3.292729225309680408e-04
1.946750341364721613e-04
9.600497927285425140e-05
3.250095815366879637e-05
3.314931087196934761e-06
