3.688351986436667175e+03
3.832247735151961024e+03
3.670375394077735564e+03
3.341112179670258683e+03
2.945406709430591945e+03
2.545390789436842624e+03
2.172205453087674869e+03
1.839216443674563834e+03
1.550280165547170100e+03
1.303839276019362615e+03
1.095615301395685719e+03
9.215046811626609724e+02
7.769342234230578015e+02
6.577416097497430201e+02
5.602709398868280459e+02
4.813669623941141822e+02
4.183158181365606083e+02
3.687964608461725788e+02
3.308352872629645276e+02
3.027732359992144211e+02
2.832148303845251007e+02
2.709882550754217618e+02
2.651129020571580668e+02
2.647793719637973595e+02
2.693086096949526222e+02
2.781489875688728262e+02
2.908454218360786854e+02
3.070300198345329932e+02
3.264110454566630892e+02
3.487593423469127742e+02
3.739376448909503665e+02
4.017569902902942545e+02
4.321828173539088880e+02
4.651824347974251737e+02
5.007759380986757378e+02
5.390126105798073013e+02
5.799967119508739870e+02
6.238676170721387280e+02
6.708353530233288211e+02
7.211707429138640464e+02
7.751984211841829620e+02
8.333393010073016285e+02
8.961192359572971782e+02
9.642095168538395455e+02
1.038441134237594270e+03
1.119897994730554501e+03
1.210083411633907190e+03
1.310916666444423072e+03
1.424850436812040925e+03
1.555356908784503730e+03
