1.345173523754132627e-01
1.164276375522788620e-01
1.039002805293983561e-01
9.424882788546033729e-02
8.630294655699440043e-02
7.948669289813291294e-02
7.348705765030216774e-02
6.811383972014398158e-02
6.324306713610629294e-02
5.878902892176323530e-02
5.468535059394720454e-02
5.088579852899703659e-02
4.735182496645484046e-02
4.405297917214078679e-02
4.096453564369476052e-02
3.806558259363285179e-02
3.533982357827197829e-02
3.277304709060856192e-02
3.035348105754361731e-02
2.807078834331947631e-02
2.591600782076988740e-02
2.388160265856479822e-02
2.196088270093596653e-02
2.014776801759920674e-02
1.843712992538135489e-02
1.682424573725054343e-02
1.530485710762318798e-02
1.387511132638341062e-02
1.253152855844885324e-02
1.127086286882578343e-02
1.008983617162024192e-02
8.986451528668159064e-03
7.957740493217816888e-03
7.001322109725497712e-03
6.114961888116453130e-03
5.296482369579825003e-03
4.543969208752925669e-03
3.855472029588854349e-03
3.229170212474808972e-03
2.663272422186405142e-03
2.156274408673723459e-03
1.706587363777473066e-03
1.312720026731850316e-03
9.732276830495381658e-04
6.867175246973745159e-04
4.518468730970721220e-04
2.672832332221024873e-04
1.318179924432060412e-04
4.427262256449687500e-05
3.937097016411190601e-06
