1.993469453133483171e-01
1.632096035242162346e-01
1.420994585969840573e-01
1.286165831494634204e-01
1.191611779326827852e-01
1.119169445441844518e-01
1.058892173673537246e-01
1.005571198502898389e-01
9.562967926951577990e-02
9.095434782117688133e-02
8.644651185288469708e-02
8.206163130890989366e-02
7.778178622150919153e-02
7.359111779831203903e-02
6.948681244240534349e-02
6.549227091069545481e-02
6.157948397087655706e-02
5.778983639297392144e-02
5.409045102853164699e-02
5.051561303850692769e-02
4.706583120745408411e-02
4.372126350743026080e-02
4.050651404155834051e-02
3.742056034408038773e-02
3.446389710637695614e-02
3.163633045521844350e-02
2.893557559365611542e-02
2.636128940795666800e-02
2.391692820764164396e-02
2.160148150107097861e-02
1.941409785017173331e-02
1.735370175653874400e-02
1.541892569012872846e-02
1.360829607285941011e-02
1.192048116002212069e-02
1.035170845194530523e-02
8.901542968349492740e-03
7.568825852178894670e-03
6.351866823900876625e-03
5.248611675069908208e-03
4.257155832505170150e-03
3.375382865220742396e-03
2.601085790952464925e-03
1.930753761603411526e-03
1.363496398590381036e-03
8.978808368645057420e-04
5.316552957383932111e-04
2.626013773885898356e-04
8.826934192607788319e-05
6.891173939247145361e-06
