1.325227837054412661e-01
1.128548116871893880e-01
9.954995315185916072e-02
8.957321176547720920e-02
8.155151415972947126e-02
7.479372408113568738e-02
6.892338146780223329e-02
6.371439744392214111e-02
5.902368974739245766e-02
5.475467688464435989e-02
5.083615241803404738e-02
4.721886746197785645e-02
4.386343942508816318e-02
4.073888555791559118e-02
3.782040605283279455e-02
3.508685644291215100e-02
3.252279837450645222e-02
3.011377835409533021e-02
2.784796547845109008e-02
2.571533840941015586e-02
2.370668236147647004e-02
2.181462813411769522e-02
2.003214481965355509e-02
1.835333338151366039e-02
1.677279283682647781e-02
1.528572215255224499e-02
1.388779672041923728e-02
1.257499725202634346e-02
1.134376198666268987e-02
1.019076115459651224e-02
9.112617998508905706e-03
8.107129382189529401e-03
7.171388349275691597e-03
6.302863170991555679e-03
5.499292459412723384e-03
4.758509821402921551e-03
4.078455148019292063e-03
3.457199439274301171e-03
2.892929603192199561e-03
2.383811200430810840e-03
1.928309879089215714e-03
1.524851325745115154e-03
1.171944296310688943e-03
8.681436015712707017e-04
6.120798484798476531e-04
4.024166082621087625e-04
2.378605072419419473e-04
1.172272244548248649e-04
3.959936634569509055e-05
4.267649298649164691e-06
